@100
 1a
 20
 08
 00
 aa
 31
 50
 10
 aa
 60
 00
 01
 d4
 11
 98
 00
 1a
 20
 e0
 00
 d4
 11
 00
 00
 00
 00
 00
 07
 15
 00
 00
 00
 1a
 20
 e0
 00
 86
 71
 00
 00
 1a
 20
 e0
 00
 9e
 73
 00
 01
 d4
 11
 98
 00
 1a
 20
 e0
 00
 86
 71
 00
 00
 aa
 20
 00
 3f
 e4
 b3
 88
 00
 13
 ff
 ff
 f7
 15
 00
 00
 00
 1a
 20
 08
 00
 aa
 31
 50
 14
 aa
 60
 00
 22
 d4
 11
 98
 00
 aa
 60
 50
 00
 1a
 20
 11
 11
 aa
 31
 11
 11
 d4
 13
 88
 00
 aa
 60
 50
 04
 1a
 20
 22
 22
 aa
 31
 22
 22
 d4
 13
 88
 00
 aa
 60
 50
 08
 1a
 20
 33
 33
 aa
 31
 33
 33
 d4
 13
 88
 00
 aa
 60
 50
 0c
 1a
 20
 44
 44
 aa
 31
 44
 44
 d4
 13
 88
 00
 aa
 60
 50
 00
 aa
 20
 80
 00
 86
 73
 00
 00
 d4
 11
 98
 00
 aa
 60
 50
 04
 aa
 20
 80
 04
 86
 73
 00
 00
 d4
 11
 98
 00
 aa
 60
 50
 08
 aa
 20
 80
 08
 86
 73
 00
 00
 d4
 11
 98
 00
 aa
 60
 50
 0c
 aa
 20
 80
 0c
 86
 73
 00
 00
 d4
 11
 98
 00
 1a
 20
 40
 00
 aa
 31
 00
 08
 aa
 60
 00
 ff
 d4
 11
 98
 00
 1a
 20
 40
 00
 aa
 31
 00
 04
 d4
 11
 00
 00
 1a
 20
 40
 00
 aa
 31
 00
 04
 86
 71
 00
 00
 aa
 20
 80
 00
 86
 b1
 00
 00
 1a
 20
 11
 11
 aa
 31
 11
 11
 e4
 15
 88
 00
 aa
 20
 00
 01
 e2
 31
 88
 04
 10
 00
 00
 03
 15
 00
 00
 00
 1a
 20
 00
 00
 a6
 31
 00
 ff
 e2
 b1
 88
 04
 1a
 20
 40
 00
 aa
 31
 00
 04
 e2
 73
 a8
 04
 d4
 11
 98
 00
 1a
 20
 40
 00
 aa
 31
 00
 04
 86
 b1
 00
 00
 aa
 20
 80
 04
 86
 71
 00
 00
 1a
 20
 22
 22
 aa
 31
 22
 22
 e4
 33
 88
 00
 10
 00
 00
 05
 15
 00
 00
 00
 aa
 60
 00
 02
 00
 00
 00
 03
 15
 00
 00
 00
 1a
 60
 00
 00
 1a
 20
 40
 00
 aa
 31
 00
 04
 e2
 73
 a8
 04
 d4
 11
 98
 00
 1a
 20
 40
 00
 aa
 31
 00
 04
 86
 b1
 00
 00
 aa
 20
 80
 08
 86
 71
 00
 00
 1a
 20
 33
 33
 aa
 31
 33
 33
 e4
 33
 88
 00
 10
 00
 00
 05
 15
 00
 00
 00
 aa
 60
 00
 04
 00
 00
 00
 03
 15
 00
 00
 00
 1a
 60
 00
 00
 1a
 20
 40
 00
 aa
 31
 00
 04
 e2
 73
 a8
 04
 d4
 11
 98
 00
 1a
 20
 40
 00
 aa
 31
 00
 04
 86
 b1
 00
 00
 aa
 20
 80
 0c
 86
 71
 00
 00
 1a
 20
 44
 44
 aa
 31
 44
 44
 e4
 33
 88
 00
 10
 00
 00
 05
 15
 00
 00
 00
 aa
 60
 00
 08
 00
 00
 00
 03
 15
 00
 00
 00
 1a
 60
 00
 00
 1a
 20
 40
 00
 aa
 31
 00
 04
 e2
 73
 a8
 04
 d4
 11
 98
 00
 04
 00
 00
 08
 15
 00
 00
 00
 15
 00
 00
 00
 84
 41
 00
 00
 85
 21
 00
 04
 9c
 21
 00
 08
 44
 00
 48
 00
 15
 00
 00
 00
 9c
 21
 ff
 f8
 d4
 01
 10
 00
 9c
 41
 00
 08
 d4
 01
 48
 04
 1a
 60
 60
 00
 aa
 73
 00
 04
 1a
 20
 e0
 00
 aa
 31
 10
 00
 86
 73
 00
 00
 d4
 11
 98
 00
 1a
 60
 60
 00
 aa
 73
 00
 08
 1a
 20
 e0
 00
 aa
 31
 10
 04
 86
 73
 00
 00
 d4
 11
 98
 00
 1a
 60
 60
 00
 1a
 20
 e0
 00
 aa
 31
 10
 08
 86
 73
 00
 00
 d4
 11
 98
 00
 1a
 60
 60
 00
 aa
 73
 00
 0c
 1a
 20
 e0
 00
 aa
 31
 10
 0c
 86
 73
 00
 00
 d4
 11
 98
 00
 15
 00
 00
 00
 84
 41
 00
 00
 85
 21
 00
 04
 9c
 21
 00
 08
 44
 00
 48
 00
 15
 00
 00
 00
 47
 43
 43
 3a
 20
 28
 47
 4e
 55
 29
 20
 31
 35
 2e
 31
 2e
 30
 00
 00
 00
 00
 00
 00
 00
 00
 00
 00
 00
 00
 00
 00
 00
 00
 00
 00
 00
 00
 00
 00
 00
 00
 00
 01
 00
 00
 00
 00
 00
 03
 00
 00
 01
 00
 00
 00
 00
 00
 00
 00
 00
 00
 00
 00
 00
 03
 00
 00
 02
 00
 00
 00
 01
 00
 00
 00
 00
 00
 00
 00
 00
 04
 00
 ff
 f1
 00
 00
 00
 0d
 00
 00
 00
 00
 00
 00
 00
 00
 04
 00
 ff
 f1
 00
 00
 00
 18
 00
 00
 03
 4c
 00
 00
 00
 84
 12
 00
 00
 01
 00
 00
 00
 21
 00
 00
 00
 00
 00
 00
 00
 00
 10
 00
 00
 00
 00
 00
 00
 28
 00
 00
 01
 00
 00
 00
 02
 4c
 12
 00
 00
 01
 00
 6f
 72
 31
 6b
 5f
 74
 65
 73
 74
 2e
 63
 00
 67
 66
 78
 5f
 64
 65
 6d
 6f
 2e
 63
 00
 67
 66
 78
 5f
 64
 65
 6d
 6f
 00
 5f
 73
 74
 61
 72
 74
 00
 6d
 61
 69
 6e
 00
 00
 2e
 73
 79
 6d
 74
 61
 62
 00
 2e
 73
 74
 72
 74
 61
 62
 00
 2e
 73
 68
 73
 74
 72
 74
 61
 62
 00
 2e
 74
 65
 78
 74
 00
 2e
 63
 6f
 6d
 6d
 65
 6e
 74
 00
 00
 00
 00
 00
 00
 00
 00
 00
 00
 00
 00
 00
 00
 00
 00
 00
 00
 00
 00
 00
 00
 00
 00
 00
 00
 00
 00
 00
 00
 00
 00
 00
 00
 00
 00
 00
 00
 00
 00
 00
 00
 00
 00
 00
 1b
 00
 00
 00
 01
 00
 00
 00
 06
 00
 00
 01
 00
 00
 00
 01
 00
 00
 00
 02
 d0
 00
 00
 00
 00
 00
 00
 00
 00
 00
 00
 00
 04
 00
 00
 00
 00
 00
 00
 00
 21
 00
 00
 00
 01
 00
 00
 00
 30
 00
 00
 00
 00
 00
 00
 03
 d0
 00
 00
 00
 12
 00
 00
 00
 00
 00
 00
 00
 00
 00
 00
 00
 01
 00
 00
 00
 01
 00
 00
 00
 01
 00
 00
 00
 02
 00
 00
 00
 00
 00
 00
 00
 00
 00
 00
 03
 e4
 00
 00
 00
 80
 00
 00
 00
 04
 00
 00
 00
 05
 00
 00
 00
 04
 00
 00
 00
 10
 00
 00
 00
 09
 00
 00
 00
 03
 00
 00
 00
 00
 00
 00
 00
 00
 00
 00
 04
 64
 00
 00
 00
 2d
 00
 00
 00
 00
 00
 00
 00
 00
 00
 00
 00
 01
 00
 00
 00
 00
 00
 00
 00
 11
 00
 00
 00
 03
 00
 00
 00
 00
 00
 00
 00
 00
 00
 00
 04
 91
 00
 00
 00
 2a
 00
 00
 00
 00
 00
 00
 00
 00
 00
 00
 00
 01
 00
 00
 00
 00
